2.124815584919050426e+00	1.887788462907019849e+00	1.736028470196355533e+00	1.492079377791111217e+00	1.518544295292947544e+00	1.400889785034064472e+00	1.262925466141409325e+00	1.219911901625130302e+00	1.023603360005892027e+00	1.097975612237784615e+00	8.267591609171596190e-01	6.617374965678346488e-01	5.878937255620546587e-01	5.833191243103740264e-01	5.330818665521485089e-01	5.769812052347905729e-01	5.449003840480445282e-01	5.292581953262402994e-01	5.546278849540621225e-01	5.324247572481586310e-01	5.334556825610075048e-01	5.422546125757922164e-01	5.522809432424046205e-01	5.501996997206144435e-01	5.768589285315641746e-01	5.490245700839930798e-01	6.103191810815509211e-01	6.114997349368949120e-01	5.587265530212388587e-01	5.783245633853781875e-01	6.215886085361859159e-01	6.553440487515481694e-01	6.600509435141407311e-01	6.130426325343421023e-01	7.049695119860490689e-01	6.860081482268401976e-01	6.476168686309613509e-01	6.136200828843382249e-01	6.683549278007332450e-01	5.313030986752549367e-01
1.887788462907019849e+00	1.789383635827587860e+00	1.633345005464018618e+00	1.366232649551448297e+00	1.439681375696879817e+00	1.243566880643548256e+00	1.054916167406709127e+00	1.004896878025601348e+00	7.090786691475682302e-01	6.759634559154467093e-01	7.279095977285419128e-01	6.808886992771768787e-01	6.511944668065924313e-01	6.789215156743065860e-01	5.839699153355166761e-01	5.877956674281518135e-01	5.951883028504991735e-01	5.638177470510252753e-01	6.124826570598337350e-01	5.818048723717429427e-01	5.729068675420871948e-01	5.889852639000234813e-01	5.686762863315936167e-01	5.973874100317407843e-01	6.251921049236187633e-01	6.181528391917053833e-01	6.594105691080416332e-01	6.490453004313738727e-01	6.035540866897926016e-01	5.981335874854442070e-01	6.585185837232697681e-01	6.500235978526072156e-01	6.753399591928938017e-01	6.318876240553821244e-01	6.988624105452712065e-01	7.168669701665130178e-01	6.715151047661299666e-01	6.325100682379585226e-01	6.865129079128114986e-01	5.570329863160228268e-01
1.736028470196355533e+00	1.633345005464018618e+00	1.550949546041639371e+00	1.483573648234655762e+00	1.455749188852696552e+00	1.272436710587396602e+00	1.030236193474972861e+00	9.263941523421671542e-01	7.287849556551559971e-01	7.112976772614532095e-01	7.434808313106677780e-01	7.111813917817305652e-01	7.159830232257698990e-01	6.916994651692404128e-01	6.099866159180523661e-01	6.266098187592059610e-01	6.426717005459945398e-01	6.161122434229179268e-01	6.378700255554397014e-01	6.029375990074442582e-01	5.979692896446452410e-01	6.053782107540575108e-01	5.831121746706889875e-01	6.251023758961423704e-01	6.771343238397850017e-01	6.705721108520981133e-01	6.660934625463620362e-01	6.462995354368946677e-01	6.112905993285716599e-01	6.571548749758120422e-01	6.730878614664143056e-01	6.734356086056147994e-01	6.761892491550877127e-01	6.466377230816187094e-01	6.996732098350645357e-01	7.282532392777003594e-01	6.681561190689984109e-01	6.245414710801586722e-01	6.314180616056480622e-01	5.401672695160653070e-01
1.492079377791111217e+00	1.366232649551448297e+00	1.483573648234655762e+00	1.455430537458876072e+00	1.456377095592406912e+00	1.246060557741405672e+00	1.002878991150528920e+00	8.329979150489051909e-01	6.753233420864421799e-01	6.753734487058455915e-01	6.442119780165352916e-01	6.522838815707616700e-01	6.403983283581912156e-01	6.642616204461392337e-01	5.909994137791926283e-01	6.613368971326477608e-01	6.547068010960528373e-01	6.061006980713441461e-01	5.830419270522305686e-01	6.067019355934145652e-01	5.982032369293727170e-01	6.197521172000592937e-01	5.886238370040588475e-01	6.391931672457847879e-01	6.747769949295310266e-01	6.825650804071655697e-01	6.252767203191813561e-01	6.499638349945336957e-01	6.037515093234607777e-01	6.293833265777920571e-01	6.348581126913824813e-01	6.670235365857271059e-01	6.455534079014204618e-01	6.345326554752297454e-01	6.750463762023650727e-01	7.141906097377387352e-01	6.567144581005319726e-01	6.677673966282143825e-01	5.890381412873995082e-01	6.183207996983071109e-01
1.518544295292947544e+00	1.439681375696879817e+00	1.455749188852696552e+00	1.456377095592406912e+00	1.371409086479622230e+00	1.210334171458040231e+00	9.854809944470117600e-01	8.614071491764220267e-01	7.755377877518049301e-01	7.076057255674736979e-01	7.182245094360600879e-01	7.063126300301690863e-01	7.004486032352077451e-01	7.216839427695923570e-01	6.417410900584966660e-01	7.505248864132557651e-01	6.994479578091156169e-01	6.765582167214383436e-01	6.541137913735114440e-01	6.979717020289133433e-01	6.812804712821913800e-01	6.663453957915054238e-01	6.607296544106561198e-01	7.089225540662331682e-01	7.495457940967935606e-01	7.310700077700235111e-01	6.898457821346480889e-01	7.187289700442178741e-01	6.639393352656979275e-01	6.606265076128868818e-01	6.513979366372699698e-01	6.908089315492336180e-01	6.781609539489423799e-01	6.843542182854306377e-01	6.955992565092441460e-01	7.066426910006637918e-01	6.714192830659976297e-01	6.897130312328720869e-01	6.387858115846929419e-01	6.641079041217525791e-01
1.400889785034064472e+00	1.243566880643548256e+00	1.272436710587396602e+00	1.246060557741405672e+00	1.210334171458040231e+00	1.168498688824171738e+00	1.062558270249678749e+00	1.014272147983274808e+00	9.195366201365356984e-01	8.701596688317655426e-01	8.352926503398647728e-01	8.478724599721668698e-01	8.117983099618076848e-01	8.149253863381956675e-01	7.882389131550868733e-01	8.398958135307500461e-01	8.308308651187571447e-01	7.545540705514627300e-01	7.193507707990609568e-01	7.618466563259560509e-01	7.710027032138158098e-01	7.183118868103650634e-01	7.421935919256076319e-01	7.964731911443121426e-01	7.870937217028800559e-01	7.736439259519727329e-01	7.694022531408890586e-01	7.650109780661452641e-01	6.971973027523146182e-01	7.196230992967747042e-01	7.488190406614346761e-01	7.289938963413388207e-01	7.204089044318762181e-01	7.119269493032770457e-01	7.205509037385279258e-01	7.270376739635356911e-01	7.017568543977338313e-01	6.718392058149480484e-01	6.748468367668726264e-01	6.715675559133036376e-01
1.262925466141409325e+00	1.054916167406709127e+00	1.030236193474972861e+00	1.002878991150528920e+00	9.854809944470117600e-01	1.062558270249678749e+00	1.065781802439495385e+00	1.111582240490004425e+00	1.046576647521248349e+00	9.875613505498457290e-01	9.772248843156580156e-01	9.500916332177422596e-01	9.112169380530990015e-01	8.859091850356883846e-01	8.589336939861249576e-01	9.008499166369249300e-01	8.371851160945030790e-01	8.274896114927587920e-01	8.009140449674803097e-01	8.068827958943529666e-01	8.129011101333950551e-01	7.969417161550146345e-01	7.992209039569041495e-01	8.336809351589923311e-01	8.348440167685129421e-01	8.497854028151010652e-01	7.841286460635212840e-01	7.778319113736361645e-01	7.498425337113187039e-01	7.729732869001444406e-01	7.604277805012041869e-01	7.807550757387136109e-01	7.505814967780011226e-01	7.285326372421613295e-01	7.223970050223029737e-01	7.378314589813121938e-01	7.118000043054649728e-01	7.226835021012183446e-01	6.950921939271874628e-01	7.038233696680010754e-01
1.219911901625130302e+00	1.004896878025601348e+00	9.263941523421671542e-01	8.329979150489051909e-01	8.614071491764220267e-01	1.014272147983274808e+00	1.111582240490004425e+00	1.192684779569263887e+00	1.119943598943523799e+00	1.079425105256159423e+00	1.044273330484055684e+00	1.033350489513302772e+00	1.003117570290887883e+00	9.656946929538281488e-01	9.263242173046742911e-01	9.260706001712251112e-01	9.129982254912838435e-01	9.077564415362842087e-01	8.533681423124234167e-01	8.746089306513749051e-01	8.678678126883980770e-01	8.430866226795737939e-01	8.475909152870360064e-01	8.471925705026487341e-01	8.440428388307791296e-01	8.416171283481826970e-01	8.110573351463243874e-01	8.121111991105043337e-01	7.908393835638402036e-01	8.034505686424078252e-01	8.002765666201880901e-01	8.142988060071826295e-01	8.011281945973297569e-01	7.690574682525104233e-01	7.778814463303964644e-01	7.491787895883036397e-01	7.316844842206218225e-01	7.323783467515706525e-01	7.272033553164874986e-01	7.626894764956224648e-01
1.023603360005892027e+00	7.090786691475682302e-01	7.287849556551559971e-01	6.753233420864421799e-01	7.755377877518049301e-01	9.195366201365356984e-01	1.046576647521248349e+00	1.119943598943523799e+00	1.119130837542587686e+00	1.076583097548340806e+00	1.051401599027658840e+00	1.036398456847491101e+00	9.963779594613552115e-01	9.532404786152560705e-01	9.494903838510139193e-01	9.417547921793845145e-01	8.906016783554892013e-01	9.064681619269165935e-01	8.615384669461412237e-01	8.668541021281126469e-01	8.865860984121911592e-01	8.365077807351255501e-01	8.612455429052344735e-01	8.636180617761066713e-01	8.418982383136235370e-01	8.406613268678513329e-01	8.133936739191593990e-01	8.198229005324931817e-01	8.102195524553233996e-01	8.125636165391998400e-01	8.132326176194448752e-01	8.224739722076866988e-01	7.849305780115073405e-01	7.797664708017444379e-01	7.679226488171565501e-01	7.805962694524559708e-01	7.719311974187115233e-01	7.570477460210369713e-01	7.455324641452275580e-01	7.680963332994339421e-01
1.097975612237784615e+00	6.759634559154467093e-01	7.112976772614532095e-01	6.753734487058455915e-01	7.076057255674736979e-01	8.701596688317655426e-01	9.875613505498457290e-01	1.079425105256159423e+00	1.076583097548340806e+00	1.033393047560461797e+00	1.031586450455698856e+00	1.017314870169369945e+00	9.777438916584759721e-01	9.355804915773003883e-01	9.689042243139927013e-01	9.207717515941621356e-01	8.802528953771706632e-01	9.272492569210636360e-01	8.582357299052666422e-01	8.871986264996425398e-01	8.636279273546932922e-01	8.525968865985663614e-01	8.774962906861507594e-01	8.745197281088556984e-01	8.638390939943595415e-01	8.715655938044803985e-01	8.260546662724543854e-01	8.550717263348802666e-01	8.197745295177190084e-01	8.137572166836479770e-01	8.513791428470313116e-01	8.362995031899770337e-01	8.486157498410820121e-01	8.241764240971005684e-01	8.056214496432503314e-01	8.002597524019192665e-01	8.011325762415608676e-01	8.134784413363509437e-01	7.900645692821859356e-01	8.042855164422230141e-01
8.267591609171596190e-01	7.279095977285419128e-01	7.434808313106677780e-01	6.442119780165352916e-01	7.182245094360600879e-01	8.352926503398647728e-01	9.772248843156580156e-01	1.044273330484055684e+00	1.051401599027658840e+00	1.031586450455698856e+00	1.013929484886253451e+00	1.012948529393005614e+00	1.009604464259206580e+00	9.815203848343512227e-01	1.019817188967247601e+00	9.546768156600614619e-01	9.559551044721165125e-01	9.543596592330578776e-01	9.149847102475082705e-01	9.249837653934787074e-01	9.179641687932589278e-01	9.003266567893941641e-01	9.069046367673677667e-01	8.956099746230857805e-01	8.937786929412371295e-01	8.888734187039337709e-01	8.488948414515072871e-01	8.753094496460270824e-01	8.654616756411624978e-01	8.499715750117319280e-01	8.660697207201311087e-01	8.667587079436405162e-01	8.942307127071530415e-01	8.488710937124436251e-01	8.419496942917642501e-01	8.529990285781903214e-01	8.459554227568594209e-01	8.427665045550377654e-01	8.414475633176506930e-01	8.397826919860427175e-01
6.617374965678346488e-01	6.808886992771768787e-01	7.111813917817305652e-01	6.522838815707616700e-01	7.063126300301690863e-01	8.478724599721668698e-01	9.500916332177422596e-01	1.033350489513302772e+00	1.036398456847491101e+00	1.017314870169369945e+00	1.012948529393005614e+00	1.058716652829112981e+00	1.049522094064793576e+00	1.008589636580356608e+00	1.029353564501134244e+00	1.008345989156089750e+00	9.821627944069066807e-01	9.919120544822762620e-01	9.619697340140790365e-01	9.608098659820222265e-01	9.784192421308647303e-01	9.512802588328526099e-01	9.492357924384935419e-01	9.212361809109064215e-01	9.420010022368361380e-01	9.114655187736533382e-01	8.820187718804732846e-01	9.207706217458496711e-01	8.864836437511270928e-01	8.779817418789864769e-01	9.031556369848655619e-01	8.809656485156166505e-01	8.889438449896939209e-01	8.719521974210316939e-01	8.723070518529717488e-01	8.546447156549151769e-01	8.668041144198234127e-01	8.492681297533246632e-01	8.518238203178646328e-01	8.819215430564045777e-01
5.878937255620546587e-01	6.511944668065924313e-01	7.159830232257698990e-01	6.403983283581912156e-01	7.004486032352077451e-01	8.117983099618076848e-01	9.112169380530990015e-01	1.003117570290887883e+00	9.963779594613552115e-01	9.777438916584759721e-01	1.009604464259206580e+00	1.049522094064793576e+00	1.035131648652533931e+00	1.033701083347943861e+00	1.072870480065270637e+00	1.026983914679864274e+00	1.018448724188224741e+00	9.942423512423634868e-01	9.808251787793577092e-01	9.920134496196505447e-01	9.947554481259076598e-01	9.626903767317412930e-01	9.709289996110255228e-01	9.486379890237492951e-01	9.629412318376744384e-01	9.408829384957978492e-01	9.246747847224019434e-01	9.283706102239371871e-01	9.210381208974771639e-01	8.969796428798860743e-01	9.159061933846570636e-01	8.904549491391311467e-01	9.019891896946883314e-01	8.799186889634247333e-01	8.676724774719980493e-01	8.588712611024861276e-01	9.150085611101980154e-01	8.779557927756652669e-01	8.803841609897300469e-01	9.456500013579752784e-01
5.833191243103740264e-01	6.789215156743065860e-01	6.916994651692404128e-01	6.642616204461392337e-01	7.216839427695923570e-01	8.149253863381956675e-01	8.859091850356883846e-01	9.656946929538281488e-01	9.532404786152560705e-01	9.355804915773003883e-01	9.815203848343512227e-01	1.008589636580356608e+00	1.033701083347943861e+00	9.948750028744818286e-01	1.031936795315025579e+00	1.007006492535664766e+00	9.999177862466761546e-01	9.718837555356502067e-01	9.709898834088749320e-01	9.769407202094639864e-01	9.843015729135026204e-01	9.839985300240861044e-01	9.736175391372935417e-01	9.760426309540753964e-01	9.747652744080300691e-01	9.549241812105432325e-01	9.433522535579107471e-01	9.433185582986886031e-01	9.255352711087918571e-01	9.188905648229741541e-01	9.337789326121515021e-01	9.147575067541194871e-01	9.239842055185911729e-01	9.105948440360627227e-01	9.153031270284872623e-01	8.970889491600971821e-01	9.250034364328328929e-01	9.148138904302418606e-01	9.200861547037002541e-01	9.614847598813466290e-01
5.330818665521485089e-01	5.839699153355166761e-01	6.099866159180523661e-01	5.909994137791926283e-01	6.417410900584966660e-01	7.882389131550868733e-01	8.589336939861249576e-01	9.263242173046742911e-01	9.494903838510139193e-01	9.689042243139927013e-01	1.019817188967247601e+00	1.029353564501134244e+00	1.072870480065270637e+00	1.031936795315025579e+00	1.105218237242723500e+00	1.046593825458296712e+00	1.043554560414874377e+00	1.017635693707296118e+00	1.006657392389308292e+00	9.903277360238528226e-01	1.011866841120480309e+00	9.809337089584905245e-01	9.698820926346972682e-01	9.759075006328260526e-01	9.958329421001671511e-01	9.609233098079625890e-01	9.576686802455449676e-01	9.376915302044097622e-01	9.429958963872304700e-01	9.309205120459995708e-01	9.297485569791572591e-01	9.058657744775017173e-01	9.065631286236230935e-01	9.220887729614783979e-01	9.003817243178783292e-01	8.948085475317517634e-01	9.329351512475571040e-01	9.041538585126539518e-01	8.996527079750602507e-01	9.735623786104563582e-01
5.769812052347905729e-01	5.877956674281518135e-01	6.266098187592059610e-01	6.613368971326477608e-01	7.505248864132557651e-01	8.398958135307500461e-01	9.008499166369249300e-01	9.260706001712251112e-01	9.417547921793845145e-01	9.207717515941621356e-01	9.546768156600614619e-01	1.008345989156089750e+00	1.026983914679864274e+00	1.007006492535664766e+00	1.046593825458296712e+00	1.005859166387020665e+00	1.005432135125660986e+00	9.984613106548245742e-01	9.917255823702404438e-01	1.011554876865695451e+00	1.016981794328546407e+00	9.960293500621758556e-01	9.915078783422397457e-01	1.025768112295907697e+00	1.005460972709922185e+00	9.879555456634318000e-01	9.709524854894360235e-01	9.712186858143252444e-01	9.662967545644439715e-01	9.669631765335817697e-01	9.857149985179423091e-01	9.632376927430000846e-01	9.778416539883511005e-01	9.570130775216131314e-01	9.295689164429870033e-01	9.215902606412562648e-01	9.834988095901049387e-01	9.408201488067785556e-01	9.745272128460576999e-01	1.026681505647789150e+00
5.449003840480445282e-01	5.951883028504991735e-01	6.426717005459945398e-01	6.547068010960528373e-01	6.994479578091156169e-01	8.308308651187571447e-01	8.371851160945030790e-01	9.129982254912838435e-01	8.906016783554892013e-01	8.802528953771706632e-01	9.559551044721165125e-01	9.821627944069066807e-01	1.018448724188224741e+00	9.999177862466761546e-01	1.043554560414874377e+00	1.005432135125660986e+00	1.004463624851848813e+00	1.001066194353901206e+00	1.000306394306169411e+00	1.036313805786614584e+00	1.042966121136179147e+00	1.010301862858436150e+00	1.014762210060755621e+00	1.008512786112666371e+00	1.001526464591988796e+00	9.952818046814869701e-01	9.964266683467852825e-01	9.814929040428110874e-01	9.813720763606796904e-01	9.704216791592287228e-01	9.924205412852868946e-01	9.571064257968424638e-01	9.759279980193531490e-01	9.693153820883675387e-01	9.455972463515243120e-01	9.456034672258302187e-01	1.001113375562035168e+00	9.636021672580998843e-01	9.708525540725025937e-01	1.067250913503065002e+00
5.292581953262402994e-01	5.638177470510252753e-01	6.161122434229179268e-01	6.061006980713441461e-01	6.765582167214383436e-01	7.545540705514627300e-01	8.274896114927587920e-01	9.077564415362842087e-01	9.064681619269165935e-01	9.272492569210636360e-01	9.543596592330578776e-01	9.919120544822762620e-01	9.942423512423634868e-01	9.718837555356502067e-01	1.017635693707296118e+00	9.984613106548245742e-01	1.001066194353901206e+00	1.017611835377546958e+00	1.018678014298566303e+00	1.017420903390822584e+00	1.032191353785163690e+00	1.017378367679997009e+00	1.012711632293334496e+00	1.022232675445599703e+00	1.050567263126272133e+00	1.004890611147142732e+00	1.014890475335568976e+00	1.009312875346547456e+00	1.007796084374496193e+00	1.011900521566127198e+00	1.024385992565004067e+00	1.003719476926949072e+00	1.009498847520666542e+00	1.008728137265056279e+00	9.968884525869236013e-01	9.980298190759934185e-01	1.032554059525493395e+00	1.007166034724605641e+00	1.005038583385037043e+00	1.096404573054828413e+00
5.546278849540621225e-01	6.124826570598337350e-01	6.378700255554397014e-01	5.830419270522305686e-01	6.541137913735114440e-01	7.193507707990609568e-01	8.009140449674803097e-01	8.533681423124234167e-01	8.615384669461412237e-01	8.582357299052666422e-01	9.149847102475082705e-01	9.619697340140790365e-01	9.808251787793577092e-01	9.709898834088749320e-01	1.006657392389308292e+00	9.917255823702404438e-01	1.000306394306169411e+00	1.018678014298566303e+00	1.015825139366660412e+00	1.027218193464450646e+00	1.044960694627254050e+00	1.037186994251347860e+00	1.034788928059011459e+00	1.032854895726679878e+00	1.049178777341742030e+00	1.054230763721380359e+00	1.028834436153625687e+00	1.036884358241139115e+00	1.039351744935713473e+00	1.017639344906564824e+00	1.048097068523103692e+00	1.010042578116154832e+00	1.050652185979023878e+00	1.031014330471555773e+00	1.012441504723998298e+00	1.029492654666443574e+00	1.051673476358657711e+00	1.014812341654718786e+00	1.018372621929311661e+00	1.144488524333659774e+00
5.324247572481586310e-01	5.818048723717429427e-01	6.029375990074442582e-01	6.067019355934145652e-01	6.979717020289133433e-01	7.618466563259560509e-01	8.068827958943529666e-01	8.746089306513749051e-01	8.668541021281126469e-01	8.871986264996425398e-01	9.249837653934787074e-01	9.608098659820222265e-01	9.920134496196505447e-01	9.769407202094639864e-01	9.903277360238528226e-01	1.011554876865695451e+00	1.036313805786614584e+00	1.017420903390822584e+00	1.027218193464450646e+00	1.057370941963867272e+00	1.060650296624695343e+00	1.061392452736134695e+00	1.073550443679310851e+00	1.082396470271173250e+00	1.084732998212968313e+00	1.057721873824325032e+00	1.063747747944343347e+00	1.044979515493784428e+00	1.066050851737317506e+00	1.064893102415891413e+00	1.063468509396824135e+00	1.058916505797474539e+00	1.068449823335648974e+00	1.044474685631013200e+00	1.046336075297407353e+00	1.035268352948761406e+00	1.073428884253446736e+00	1.045964051393831085e+00	1.087485577350368438e+00	1.171236109757439525e+00
5.334556825610075048e-01	5.729068675420871948e-01	5.979692896446452410e-01	5.982032369293727170e-01	6.812804712821913800e-01	7.710027032138158098e-01	8.129011101333950551e-01	8.678678126883980770e-01	8.865860984121911592e-01	8.636279273546932922e-01	9.179641687932589278e-01	9.784192421308647303e-01	9.947554481259076598e-01	9.843015729135026204e-01	1.011866841120480309e+00	1.016981794328546407e+00	1.042966121136179147e+00	1.032191353785163690e+00	1.044960694627254050e+00	1.060650296624695343e+00	1.063127718937855848e+00	1.078701269279405572e+00	1.100947338072856274e+00	1.097012170777278195e+00	1.089749815182061266e+00	1.082108535747805744e+00	1.071026928208704820e+00	1.072232923385685766e+00	1.074725890611090140e+00	1.072457962159041545e+00	1.085101517395713033e+00	1.086481113679185873e+00	1.082607212590530166e+00	1.081813506011687798e+00	1.082132804548556093e+00	1.080934387038474220e+00	1.079025088345344940e+00	1.056789474016932573e+00	1.108673700543169272e+00	1.180910507961433931e+00
5.422546125757922164e-01	5.889852639000234813e-01	6.053782107540575108e-01	6.197521172000592937e-01	6.663453957915054238e-01	7.183118868103650634e-01	7.969417161550146345e-01	8.430866226795737939e-01	8.365077807351255501e-01	8.525968865985663614e-01	9.003266567893941641e-01	9.512802588328526099e-01	9.626903767317412930e-01	9.839985300240861044e-01	9.809337089584905245e-01	9.960293500621758556e-01	1.010301862858436150e+00	1.017378367679997009e+00	1.037186994251347860e+00	1.061392452736134695e+00	1.078701269279405572e+00	1.085587114014594956e+00	1.090068365288334729e+00	1.217495486798533921e+00	1.101237618956973474e+00	1.118445806675456122e+00	1.098184474229850327e+00	1.112013406110150537e+00	1.103493762066539041e+00	1.125186022464247593e+00	1.127999874104466782e+00	1.130684669175857859e+00	1.126098880275007819e+00	1.118953909875738395e+00	1.118097109754904839e+00	1.106051669225349254e+00	1.146486674266500527e+00	1.137580469415908180e+00	1.154050381387083712e+00	1.220804615135135940e+00
5.522809432424046205e-01	5.686762863315936167e-01	5.831121746706889875e-01	5.886238370040588475e-01	6.607296544106561198e-01	7.421935919256076319e-01	7.992209039569041495e-01	8.475909152870360064e-01	8.612455429052344735e-01	8.774962906861507594e-01	9.069046367673677667e-01	9.492357924384935419e-01	9.709289996110255228e-01	9.736175391372935417e-01	9.698820926346972682e-01	9.915078783422397457e-01	1.014762210060755621e+00	1.012711632293334496e+00	1.034788928059011459e+00	1.073550443679310851e+00	1.100947338072856274e+00	1.090068365288334729e+00	1.106136521305947973e+00	1.119992407567050652e+00	1.108838748600001312e+00	1.115604072710998151e+00	1.116035604619123767e+00	1.125441111885728374e+00	1.135960797152283597e+00	1.111294545375632215e+00	1.145749610884263081e+00	1.137241798200379295e+00	1.152817739350355586e+00	1.152647913498109356e+00	1.162432572376928208e+00	1.181377221183554704e+00	1.158930118278439059e+00	1.165197797094357446e+00	1.181271992933637494e+00	1.243133302529219053e+00
5.501996997206144435e-01	5.973874100317407843e-01	6.251023758961423704e-01	6.391931672457847879e-01	7.089225540662331682e-01	7.964731911443121426e-01	8.336809351589923311e-01	8.471925705026487341e-01	8.636180617761066713e-01	8.745197281088556984e-01	8.956099746230857805e-01	9.212361809109064215e-01	9.486379890237492951e-01	9.760426309540753964e-01	9.759075006328260526e-01	1.025768112295907697e+00	1.008512786112666371e+00	1.022232675445599703e+00	1.032854895726679878e+00	1.082396470271173250e+00	1.097012170777278195e+00	1.217495486798533921e+00	1.119992407567050652e+00	1.105277152379222860e+00	1.132945277507584780e+00	1.118216261907328812e+00	1.116399140066882456e+00	1.140608003086087674e+00	1.126281244890579014e+00	1.151598874498524161e+00	1.175498457314785306e+00	1.185947709592736654e+00	1.214288590551661162e+00	1.171407903015290630e+00	1.194600924155383437e+00	1.170293011844036224e+00	1.231744528504897573e+00	1.194026193952586024e+00	1.240191529171134732e+00	1.325818763918250154e+00
5.768589285315641746e-01	6.251921049236187633e-01	6.771343238397850017e-01	6.747769949295310266e-01	7.495457940967935606e-01	7.870937217028800559e-01	8.348440167685129421e-01	8.440428388307791296e-01	8.418982383136235370e-01	8.638390939943595415e-01	8.937786929412371295e-01	9.420010022368361380e-01	9.629412318376744384e-01	9.747652744080300691e-01	9.958329421001671511e-01	1.005460972709922185e+00	1.001526464591988796e+00	1.050567263126272133e+00	1.049178777341742030e+00	1.084732998212968313e+00	1.089749815182061266e+00	1.101237618956973474e+00	1.108838748600001312e+00	1.132945277507584780e+00	1.146946995750913523e+00	1.134851455301354894e+00	1.137035704181566853e+00	1.162871675573873942e+00	1.154557344678382558e+00	1.177690697188394697e+00	1.204934346623629526e+00	1.218387092288396145e+00	1.220183902288157318e+00	1.220984786613686923e+00	1.226315857695452705e+00	1.232532372517642028e+00	1.274420785453446170e+00	1.244749204110930263e+00	1.288684155213992710e+00	1.406256364541134340e+00
5.490245700839930798e-01	6.181528391917053833e-01	6.705721108520981133e-01	6.825650804071655697e-01	7.310700077700235111e-01	7.736439259519727329e-01	8.497854028151010652e-01	8.416171283481826970e-01	8.406613268678513329e-01	8.715655938044803985e-01	8.888734187039337709e-01	9.114655187736533382e-01	9.408829384957978492e-01	9.549241812105432325e-01	9.609233098079625890e-01	9.879555456634318000e-01	9.952818046814869701e-01	1.004890611147142732e+00	1.054230763721380359e+00	1.057721873824325032e+00	1.082108535747805744e+00	1.118445806675456122e+00	1.115604072710998151e+00	1.118216261907328812e+00	1.134851455301354894e+00	1.141179956308185472e+00	1.143062206006506987e+00	1.175993998063621593e+00	1.187615326066765453e+00	1.217496825593328946e+00	1.238362345856936830e+00	1.238459384423464593e+00	1.250011553481877868e+00	1.253660552807429163e+00	1.245476235140267729e+00	1.270575347537709288e+00	1.290192164221657833e+00	1.298907486509573550e+00	1.342532248811840745e+00	1.417387758026829037e+00
6.103191810815509211e-01	6.594105691080416332e-01	6.660934625463620362e-01	6.252767203191813561e-01	6.898457821346480889e-01	7.694022531408890586e-01	7.841286460635212840e-01	8.110573351463243874e-01	8.133936739191593990e-01	8.260546662724543854e-01	8.488948414515072871e-01	8.820187718804732846e-01	9.246747847224019434e-01	9.433522535579107471e-01	9.576686802455449676e-01	9.709524854894360235e-01	9.964266683467852825e-01	1.014890475335568976e+00	1.028834436153625687e+00	1.063747747944343347e+00	1.071026928208704820e+00	1.098184474229850327e+00	1.116035604619123767e+00	1.116399140066882456e+00	1.137035704181566853e+00	1.143062206006506987e+00	1.218187052650387736e+00	1.187765810641843611e+00	1.220738841186870927e+00	1.226853921886935206e+00	1.239818781289419025e+00	1.269939052220874443e+00	1.295103643976275309e+00	1.291049231285441357e+00	1.302117156019209299e+00	1.322988715200663190e+00	1.371955168935218294e+00	1.354387628592440995e+00	1.402299495461604595e+00	1.459703404422444173e+00
6.114997349368949120e-01	6.490453004313738727e-01	6.462995354368946677e-01	6.499638349945336957e-01	7.187289700442178741e-01	7.650109780661452641e-01	7.778319113736361645e-01	8.121111991105043337e-01	8.198229005324931817e-01	8.550717263348802666e-01	8.753094496460270824e-01	9.207706217458496711e-01	9.283706102239371871e-01	9.433185582986886031e-01	9.376915302044097622e-01	9.712186858143252444e-01	9.814929040428110874e-01	1.009312875346547456e+00	1.036884358241139115e+00	1.044979515493784428e+00	1.072232923385685766e+00	1.112013406110150537e+00	1.125441111885728374e+00	1.140608003086087674e+00	1.162871675573873942e+00	1.175993998063621593e+00	1.187765810641843611e+00	1.225583992595361771e+00	1.246369308084717353e+00	1.273229658084976013e+00	1.274630057762913049e+00	1.294827297906661068e+00	1.320454139601466625e+00	1.325078952932244869e+00	1.340474050237709491e+00	1.356173900714779945e+00	1.398368945642403105e+00	1.387252481964178941e+00	1.456566509908955309e+00	1.523619611417309505e+00
5.587265530212388587e-01	6.035540866897926016e-01	6.112905993285716599e-01	6.037515093234607777e-01	6.639393352656979275e-01	6.971973027523146182e-01	7.498425337113187039e-01	7.908393835638402036e-01	8.102195524553233996e-01	8.197745295177190084e-01	8.654616756411624978e-01	8.864836437511270928e-01	9.210381208974771639e-01	9.255352711087918571e-01	9.429958963872304700e-01	9.662967545644439715e-01	9.813720763606796904e-01	1.007796084374496193e+00	1.039351744935713473e+00	1.066050851737317506e+00	1.074725890611090140e+00	1.103493762066539041e+00	1.135960797152283597e+00	1.126281244890579014e+00	1.154557344678382558e+00	1.187615326066765453e+00	1.220738841186870927e+00	1.246369308084717353e+00	1.241453150524589377e+00	1.274710659172161087e+00	1.287857430333246844e+00	1.296442159388064175e+00	1.332630197786166315e+00	1.341248240379459000e+00	1.386253290871395150e+00	1.381343486197637915e+00	1.443756479353029532e+00	1.428652561822939537e+00	1.495330587383063126e+00	1.559961701398473011e+00
5.783245633853781875e-01	5.981335874854442070e-01	6.571548749758120422e-01	6.293833265777920571e-01	6.606265076128868818e-01	7.196230992967747042e-01	7.729732869001444406e-01	8.034505686424078252e-01	8.125636165391998400e-01	8.137572166836479770e-01	8.499715750117319280e-01	8.779817418789864769e-01	8.969796428798860743e-01	9.188905648229741541e-01	9.309205120459995708e-01	9.669631765335817697e-01	9.704216791592287228e-01	1.011900521566127198e+00	1.017639344906564824e+00	1.064893102415891413e+00	1.072457962159041545e+00	1.125186022464247593e+00	1.111294545375632215e+00	1.151598874498524161e+00	1.177690697188394697e+00	1.217496825593328946e+00	1.226853921886935206e+00	1.273229658084976013e+00	1.274710659172161087e+00	1.290969295183844956e+00	1.324673924219510024e+00	1.346554737978450156e+00	1.383901312317335597e+00	1.400462332832635104e+00	1.456210177932069527e+00	1.433619620368733694e+00	1.450700665169534442e+00	1.485163444790732701e+00	1.539677508735508793e+00	1.630519329043812915e+00
6.215886085361859159e-01	6.585185837232697681e-01	6.730878614664143056e-01	6.348581126913824813e-01	6.513979366372699698e-01	7.488190406614346761e-01	7.604277805012041869e-01	8.002765666201880901e-01	8.132326176194448752e-01	8.513791428470313116e-01	8.660697207201311087e-01	9.031556369848655619e-01	9.159061933846570636e-01	9.337789326121515021e-01	9.297485569791572591e-01	9.857149985179423091e-01	9.924205412852868946e-01	1.024385992565004067e+00	1.048097068523103692e+00	1.063468509396824135e+00	1.085101517395713033e+00	1.127999874104466782e+00	1.145749610884263081e+00	1.175498457314785306e+00	1.204934346623629526e+00	1.238362345856936830e+00	1.239818781289419025e+00	1.274630057762913049e+00	1.287857430333246844e+00	1.324673924219510024e+00	1.356729736388578411e+00	1.347991586938857012e+00	1.398688768801099602e+00	1.444367707671501355e+00	1.449668881155135258e+00	1.482549176418340942e+00	1.540481028873503577e+00	1.554251750712845048e+00	1.619543640172333543e+00	1.688410393915011243e+00
6.553440487515481694e-01	6.500235978526072156e-01	6.734356086056147994e-01	6.670235365857271059e-01	6.908089315492336180e-01	7.289938963413388207e-01	7.807550757387136109e-01	8.142988060071826295e-01	8.224739722076866988e-01	8.362995031899770337e-01	8.667587079436405162e-01	8.809656485156166505e-01	8.904549491391311467e-01	9.147575067541194871e-01	9.058657744775017173e-01	9.632376927430000846e-01	9.571064257968424638e-01	1.003719476926949072e+00	1.010042578116154832e+00	1.058916505797474539e+00	1.086481113679185873e+00	1.130684669175857859e+00	1.137241798200379295e+00	1.185947709592736654e+00	1.218387092288396145e+00	1.238459384423464593e+00	1.269939052220874443e+00	1.294827297906661068e+00	1.296442159388064175e+00	1.346554737978450156e+00	1.347991586938857012e+00	1.405298748406945686e+00	1.462309453983403840e+00	1.515472532481132673e+00	1.507986576626138220e+00	1.557857133698250518e+00	1.598935408862719232e+00	1.631894981824801860e+00	1.664018248704263625e+00	1.760638833710245210e+00
6.600509435141407311e-01	6.753399591928938017e-01	6.761892491550877127e-01	6.455534079014204618e-01	6.781609539489423799e-01	7.204089044318762181e-01	7.505814967780011226e-01	8.011281945973297569e-01	7.849305780115073405e-01	8.486157498410820121e-01	8.942307127071530415e-01	8.889438449896939209e-01	9.019891896946883314e-01	9.239842055185911729e-01	9.065631286236230935e-01	9.778416539883511005e-01	9.759279980193531490e-01	1.009498847520666542e+00	1.050652185979023878e+00	1.068449823335648974e+00	1.082607212590530166e+00	1.126098880275007819e+00	1.152817739350355586e+00	1.214288590551661162e+00	1.220183902288157318e+00	1.250011553481877868e+00	1.295103643976275309e+00	1.320454139601466625e+00	1.332630197786166315e+00	1.383901312317335597e+00	1.398688768801099602e+00	1.462309453983403840e+00	1.506755636496412754e+00	1.523641790457703316e+00	1.556898141944266234e+00	1.624082409852250830e+00	1.645667294663145208e+00	1.686848135939617244e+00	1.779889931949101944e+00	1.820682033062178906e+00
6.130426325343421023e-01	6.318876240553821244e-01	6.466377230816187094e-01	6.345326554752297454e-01	6.843542182854306377e-01	7.119269493032770457e-01	7.285326372421613295e-01	7.690574682525104233e-01	7.797664708017444379e-01	8.241764240971005684e-01	8.488710937124436251e-01	8.719521974210316939e-01	8.799186889634247333e-01	9.105948440360627227e-01	9.220887729614783979e-01	9.570130775216131314e-01	9.693153820883675387e-01	1.008728137265056279e+00	1.031014330471555773e+00	1.044474685631013200e+00	1.081813506011687798e+00	1.118953909875738395e+00	1.152647913498109356e+00	1.171407903015290630e+00	1.220984786613686923e+00	1.253660552807429163e+00	1.291049231285441357e+00	1.325078952932244869e+00	1.341248240379459000e+00	1.400462332832635104e+00	1.444367707671501355e+00	1.515472532481132673e+00	1.523641790457703316e+00	1.540591391309831693e+00	1.602011867971022019e+00	1.651182925989875594e+00	1.667227128630677235e+00	1.732879577166448692e+00	1.796877851630708678e+00	1.947502418761584364e+00
7.049695119860490689e-01	6.988624105452712065e-01	6.996732098350645357e-01	6.750463762023650727e-01	6.955992565092441460e-01	7.205509037385279258e-01	7.223970050223029737e-01	7.778814463303964644e-01	7.679226488171565501e-01	8.056214496432503314e-01	8.419496942917642501e-01	8.723070518529717488e-01	8.676724774719980493e-01	9.153031270284872623e-01	9.003817243178783292e-01	9.295689164429870033e-01	9.455972463515243120e-01	9.968884525869236013e-01	1.012441504723998298e+00	1.046336075297407353e+00	1.082132804548556093e+00	1.118097109754904839e+00	1.162432572376928208e+00	1.194600924155383437e+00	1.226315857695452705e+00	1.245476235140267729e+00	1.302117156019209299e+00	1.340474050237709491e+00	1.386253290871395150e+00	1.456210177932069527e+00	1.449668881155135258e+00	1.507986576626138220e+00	1.556898141944266234e+00	1.602011867971022019e+00	1.697840743865579372e+00	1.721131420396459610e+00	1.753220251886570491e+00	1.823781685166027788e+00	1.896737021762454178e+00	2.038684713616921051e+00
6.860081482268401976e-01	7.168669701665130178e-01	7.282532392777003594e-01	7.141906097377387352e-01	7.066426910006637918e-01	7.270376739635356911e-01	7.378314589813121938e-01	7.491787895883036397e-01	7.805962694524559708e-01	8.002597524019192665e-01	8.529990285781903214e-01	8.546447156549151769e-01	8.588712611024861276e-01	8.970889491600971821e-01	8.948085475317517634e-01	9.215902606412562648e-01	9.456034672258302187e-01	9.980298190759934185e-01	1.029492654666443574e+00	1.035268352948761406e+00	1.080934387038474220e+00	1.106051669225349254e+00	1.181377221183554704e+00	1.170293011844036224e+00	1.232532372517642028e+00	1.270575347537709288e+00	1.322988715200663190e+00	1.356173900714779945e+00	1.381343486197637915e+00	1.433619620368733694e+00	1.482549176418340942e+00	1.557857133698250518e+00	1.624082409852250830e+00	1.651182925989875594e+00	1.721131420396459610e+00	1.771686796851721590e+00	1.812754108531812181e+00	1.924755867003855148e+00	2.004087105546244807e+00	2.180542462898996003e+00
6.476168686309613509e-01	6.715151047661299666e-01	6.681561190689984109e-01	6.567144581005319726e-01	6.714192830659976297e-01	7.017568543977338313e-01	7.118000043054649728e-01	7.316844842206218225e-01	7.719311974187115233e-01	8.011325762415608676e-01	8.459554227568594209e-01	8.668041144198234127e-01	9.150085611101980154e-01	9.250034364328328929e-01	9.329351512475571040e-01	9.834988095901049387e-01	1.001113375562035168e+00	1.032554059525493395e+00	1.051673476358657711e+00	1.073428884253446736e+00	1.079025088345344940e+00	1.146486674266500527e+00	1.158930118278439059e+00	1.231744528504897573e+00	1.274420785453446170e+00	1.290192164221657833e+00	1.371955168935218294e+00	1.398368945642403105e+00	1.443756479353029532e+00	1.450700665169534442e+00	1.540481028873503577e+00	1.598935408862719232e+00	1.645667294663145208e+00	1.667227128630677235e+00	1.753220251886570491e+00	1.812754108531812181e+00	1.858117405787435672e+00	1.934403453234125214e+00	2.044940239157149620e+00	2.192035766463257040e+00
6.136200828843382249e-01	6.325100682379585226e-01	6.245414710801586722e-01	6.677673966282143825e-01	6.897130312328720869e-01	6.718392058149480484e-01	7.226835021012183446e-01	7.323783467515706525e-01	7.570477460210369713e-01	8.134784413363509437e-01	8.427665045550377654e-01	8.492681297533246632e-01	8.779557927756652669e-01	9.148138904302418606e-01	9.041538585126539518e-01	9.408201488067785556e-01	9.636021672580998843e-01	1.007166034724605641e+00	1.014812341654718786e+00	1.045964051393831085e+00	1.056789474016932573e+00	1.137580469415908180e+00	1.165197797094357446e+00	1.194026193952586024e+00	1.244749204110930263e+00	1.298907486509573550e+00	1.354387628592440995e+00	1.387252481964178941e+00	1.428652561822939537e+00	1.485163444790732701e+00	1.554251750712845048e+00	1.631894981824801860e+00	1.686848135939617244e+00	1.732879577166448692e+00	1.823781685166027788e+00	1.924755867003855148e+00	1.934403453234125214e+00	2.068339893361490489e+00	2.225699425873926884e+00	2.393241105315512485e+00
6.683549278007332450e-01	6.865129079128114986e-01	6.314180616056480622e-01	5.890381412873995082e-01	6.387858115846929419e-01	6.748468367668726264e-01	6.950921939271874628e-01	7.272033553164874986e-01	7.455324641452275580e-01	7.900645692821859356e-01	8.414475633176506930e-01	8.518238203178646328e-01	8.803841609897300469e-01	9.200861547037002541e-01	8.996527079750602507e-01	9.745272128460576999e-01	9.708525540725025937e-01	1.005038583385037043e+00	1.018372621929311661e+00	1.087485577350368438e+00	1.108673700543169272e+00	1.154050381387083712e+00	1.181271992933637494e+00	1.240191529171134732e+00	1.288684155213992710e+00	1.342532248811840745e+00	1.402299495461604595e+00	1.456566509908955309e+00	1.495330587383063126e+00	1.539677508735508793e+00	1.619543640172333543e+00	1.664018248704263625e+00	1.779889931949101944e+00	1.796877851630708678e+00	1.896737021762454178e+00	2.004087105546244807e+00	2.044940239157149620e+00	2.225699425873926884e+00	2.383184237820407336e+00	2.598573445101475698e+00
5.313030986752549367e-01	5.570329863160228268e-01	5.401672695160653070e-01	6.183207996983071109e-01	6.641079041217525791e-01	6.715675559133036376e-01	7.038233696680010754e-01	7.626894764956224648e-01	7.680963332994339421e-01	8.042855164422230141e-01	8.397826919860427175e-01	8.819215430564045777e-01	9.456500013579752784e-01	9.614847598813466290e-01	9.735623786104563582e-01	1.026681505647789150e+00	1.067250913503065002e+00	1.096404573054828413e+00	1.144488524333659774e+00	1.171236109757439525e+00	1.180910507961433931e+00	1.220804615135135940e+00	1.243133302529219053e+00	1.325818763918250154e+00	1.406256364541134340e+00	1.417387758026829037e+00	1.459703404422444173e+00	1.523619611417309505e+00	1.559961701398473011e+00	1.630519329043812915e+00	1.688410393915011243e+00	1.760638833710245210e+00	1.820682033062178906e+00	1.947502418761584364e+00	2.038684713616921051e+00	2.180542462898996003e+00	2.192035766463257040e+00	2.393241105315512485e+00	2.598573445101475698e+00	2.971935221607515221e+00
