2.653715435173209958e+00	2.364673420906839851e+00	2.170292795024489685e+00	2.066065081082022470e+00	1.963154010953030770e+00	1.842272800323483617e+00	1.830113313529646790e+00	1.698840451723607314e+00	1.651537147422877050e+00	1.629516034148976722e+00	1.564819498457691305e+00	1.521025401409040079e+00	1.488169020540343057e+00	1.470270304718870769e+00	1.363177857296625106e+00	1.341727602514999784e+00	1.273849478459502693e+00	1.221021475267197065e+00	1.176167480855957681e+00	1.120390101038242658e+00	1.079342191198094714e+00	1.037906862085152593e+00	9.804677280275948537e-01	9.545964121218032394e-01	9.276090143978210634e-01	8.869263939310666478e-01	8.342062655417357142e-01	8.250787890896615906e-01	7.742758666809170798e-01	7.221848113175884931e-01	6.744693855506795899e-01	6.421316347095497035e-01	5.789433139181429100e-01	5.364386176089408487e-01	4.830624824353373370e-01	4.498160362269101875e-01	4.128054872574598577e-01	3.613800356847030049e-01	3.452225874298959218e-01	3.809997382540007416e-01
2.364673420906839851e+00	2.006523845489319058e+00	1.899613601677859975e+00	1.828766122124250160e+00	1.787870825996133117e+00	1.722633963727920436e+00	1.661753884140497517e+00	1.568142649723924587e+00	1.552963169125909371e+00	1.480654905008770283e+00	1.466565843893041343e+00	1.408204885343630197e+00	1.372277171783502725e+00	1.353453511616579563e+00	1.299951712991807451e+00	1.268932096718379698e+00	1.206350039440650557e+00	1.176603265953662270e+00	1.134032927254412515e+00	1.085425703195585401e+00	1.028836246226932261e+00	9.976782988951437003e-01	9.745751205153994068e-01	9.166495962757471583e-01	8.949571894761492175e-01	8.823444762037420119e-01	8.272946231255055016e-01	7.919083256071776100e-01	7.656732382982095464e-01	7.223582232829269811e-01	6.795567376026211415e-01	6.418545381770921487e-01	5.807115450125899248e-01	5.562547117197124136e-01	5.064309479529373048e-01	4.813163251881522608e-01	4.472646138525697146e-01	3.958335185668512834e-01	3.610773414078082277e-01	3.813959872462083789e-01
2.170292795024489685e+00	1.899613601677859975e+00	1.806954658035349714e+00	1.767031796308973224e+00	1.741244227218757601e+00	1.656005134339521456e+00	1.590033852976171502e+00	1.577240077273185825e+00	1.529029111858830392e+00	1.521661708033497540e+00	1.424985007756167210e+00	1.428015478577852493e+00	1.410464639798493680e+00	1.350458858207634449e+00	1.311481609233607015e+00	1.272346263135230915e+00	1.241072842478488703e+00	1.188453449506512438e+00	1.121420332452144120e+00	1.123098372327908434e+00	1.066878312410529217e+00	1.046763345380435251e+00	1.009535632900586455e+00	9.801662046795224237e-01	9.452057212681840292e-01	9.132446250487530337e-01	8.767753730192560102e-01	8.294688023054931358e-01	8.161522103626119851e-01	7.701831645661436632e-01	7.306702218945329008e-01	6.830766170965021367e-01	6.484434223868953406e-01	6.076234393827302238e-01	5.610909210411397785e-01	5.320988649309913443e-01	5.068285171351594176e-01	4.660838999042843933e-01	4.046362952410369473e-01	4.200140470422753514e-01
2.066065081082022470e+00	1.828766122124250160e+00	1.767031796308973224e+00	1.672319076826953355e+00	1.657556877850695942e+00	1.634729041346043132e+00	1.574555841979222937e+00	1.565491646202071818e+00	1.491154335862806768e+00	1.431908825361076554e+00	1.428618911337833142e+00	1.392429942506862028e+00	1.358853999725046169e+00	1.298642957048764979e+00	1.278460421642080513e+00	1.252827617249628211e+00	1.206172673633294945e+00	1.171551075310618195e+00	1.134079124318195797e+00	1.110390855950094791e+00	1.049590722943777976e+00	1.039272243894481917e+00	9.991529398053273781e-01	9.624509898021816889e-01	9.299050986449500789e-01	9.034110294887029990e-01	8.670296936399479737e-01	8.341994266915376821e-01	8.099241342588824333e-01	7.680960347135509236e-01	7.269302764433446251e-01	6.971196453741180799e-01	6.572299131843302167e-01	6.403703629634166505e-01	5.825714244381251516e-01	5.466384436075107933e-01	5.213475505208237104e-01	4.760525005126393094e-01	4.321962228457951749e-01	4.322724237394509061e-01
1.963154010953030770e+00	1.787870825996133117e+00	1.741244227218757601e+00	1.657556877850695942e+00	1.639357160748847297e+00	1.591927485655333818e+00	1.574411565690348569e+00	1.495164126213965883e+00	1.461854352585909789e+00	1.400685851534505755e+00	1.378648437424710771e+00	1.352733019610362186e+00	1.320017788091051747e+00	1.284616525709607826e+00	1.261475388681158716e+00	1.225990613664263762e+00	1.186121759392681163e+00	1.151304531510806584e+00	1.115879161700344957e+00	1.084226879997239656e+00	1.039878383673983553e+00	1.018616717787557135e+00	9.929965446018147457e-01	9.544869217774122339e-01	9.310649390908835032e-01	9.030033580235623525e-01	8.809331454530757721e-01	8.391592311454283415e-01	8.140096157419315359e-01	7.599870582436984989e-01	7.358848206084670496e-01	7.021868531355489607e-01	6.779525662572795097e-01	6.429617906359100798e-01	5.908850720491140018e-01	5.559840972049359120e-01	5.316168612435857588e-01	4.880663429433791389e-01	4.551494386147686422e-01	4.606528635144132022e-01
1.842272800323483617e+00	1.722633963727920436e+00	1.656005134339521456e+00	1.634729041346043132e+00	1.591927485655333818e+00	1.547500984599960994e+00	1.512523671047229179e+00	1.503660972062283330e+00	1.462609267150759340e+00	1.424832450619911928e+00	1.396098451614544489e+00	1.362561152781468721e+00	1.352416980392447954e+00	1.300641736260522263e+00	1.278437268081069611e+00	1.244635745217101297e+00	1.207899344882661596e+00	1.171578128901979765e+00	1.157348135658350818e+00	1.122033216844896097e+00	1.082795932260335547e+00	1.054969041815858599e+00	1.026776667025563361e+00	9.953365859444242014e-01	9.673167142813643427e-01	9.296947726640847343e-01	9.202443396449245805e-01	8.778900747575530961e-01	8.636759610559564537e-01	8.145865139940489108e-01	7.851558177703589214e-01	7.483668714460293137e-01	7.000592212939353853e-01	6.813423839056692577e-01	6.327240643006065701e-01	5.869986391499726341e-01	5.698042948863881740e-01	5.472396649113562273e-01	5.070783755741145038e-01	4.896021046724296499e-01
1.830113313529646790e+00	1.661753884140497517e+00	1.590033852976171502e+00	1.574555841979222937e+00	1.574411565690348569e+00	1.512523671047229179e+00	1.503659481899213279e+00	1.456647986825520658e+00	1.419854208127006689e+00	1.418784434712295317e+00	1.357623999538142501e+00	1.331069634218387643e+00	1.305547164846325048e+00	1.269634227273952254e+00	1.244961463914599609e+00	1.218633525442115673e+00	1.185882282629235673e+00	1.176709146300833009e+00	1.121540169069321413e+00	1.093883233732982241e+00	1.055037014191966271e+00	1.063740336337608117e+00	1.025465825504514150e+00	9.820016308232640823e-01	9.558222952409777262e-01	9.200758236874879703e-01	9.050078646101348268e-01	8.788125759289400207e-01	8.828263632224534474e-01	8.138419040690954009e-01	7.722371958959050042e-01	7.375315716458885618e-01	7.080712791360107561e-01	6.862017858244066071e-01	6.403292477966777696e-01	5.983941215470254260e-01	5.881222082344265134e-01	5.582954765621511717e-01	5.027152252754963913e-01	4.870925871486880276e-01
1.698840451723607314e+00	1.568142649723924587e+00	1.577240077273185825e+00	1.565491646202071818e+00	1.495164126213965883e+00	1.503660972062283330e+00	1.456647986825520658e+00	1.440434424812603087e+00	1.412979549187589612e+00	1.392295202172494806e+00	1.354025972126687627e+00	1.332850218514708862e+00	1.335868344886472103e+00	1.284604142882936006e+00	1.277719275166992574e+00	1.252854712297199802e+00	1.197356781519937963e+00	1.193671340557173277e+00	1.164517432452035095e+00	1.166343076521820565e+00	1.117588594214265374e+00	1.078444824994768902e+00	1.043439740461608478e+00	1.018171650706211739e+00	1.001139438869890652e+00	9.447652001676054567e-01	9.272338801478082759e-01	8.933076835396018822e-01	8.923728756281091856e-01	8.444450956503993799e-01	8.104895823987323666e-01	7.658782680591084135e-01	7.421507170783390173e-01	7.266101429611888651e-01	6.533711726879638526e-01	6.189573063974261879e-01	6.230069367776976952e-01	5.989116772220791640e-01	5.593543876182669461e-01	5.362305912466159841e-01
1.651537147422877050e+00	1.552963169125909371e+00	1.529029111858830392e+00	1.491154335862806768e+00	1.461854352585909789e+00	1.462609267150759340e+00	1.419854208127006689e+00	1.412979549187589612e+00	1.351967441359646083e+00	1.343534140143004096e+00	1.320054925175456306e+00	1.307508822441385998e+00	1.279366732128336182e+00	1.244455613649220194e+00	1.233495308414543024e+00	1.218579776136973436e+00	1.183301270636647695e+00	1.138696897866096291e+00	1.108414780783672615e+00	1.102457130265494190e+00	1.068268851913777961e+00	1.042833946198276518e+00	9.967811684779763759e-01	1.015175733954282400e+00	9.781505348513702680e-01	9.178883545123854848e-01	9.225277581268440663e-01	8.841719992624175184e-01	8.638997664622674044e-01	8.227004636163947060e-01	7.949809455576126727e-01	7.476171756313377825e-01	7.206800691440166107e-01	7.194075932933632345e-01	6.532859791828187213e-01	6.332251129560485525e-01	6.164718807167748338e-01	5.813194630811189256e-01	5.412056032450820453e-01	5.228827103157845935e-01
1.629516034148976722e+00	1.480654905008770283e+00	1.521661708033497540e+00	1.431908825361076554e+00	1.400685851534505755e+00	1.424832450619911928e+00	1.418784434712295317e+00	1.392295202172494806e+00	1.343534140143004096e+00	1.324641182137381801e+00	1.316395720085321797e+00	1.302738939193736734e+00	1.285960301189122301e+00	1.237398484584629754e+00	1.214466955046040075e+00	1.211706199185119903e+00	1.178746401631536767e+00	1.166961006144217272e+00	1.124554399378412173e+00	1.099909294932865045e+00	1.059976760940682938e+00	1.059186622562751534e+00	1.034698575174702873e+00	1.021509365590690832e+00	9.875110245967736455e-01	9.441031949792132449e-01	9.257209825530038350e-01	9.091136937541794971e-01	8.972878307411876753e-01	8.339540431344892868e-01	8.176894094177119543e-01	7.876476182800725701e-01	7.413082322452795303e-01	7.156066286717334135e-01	6.670601052473055237e-01	6.354409565598740928e-01	6.328365468725130061e-01	6.069172688668552640e-01	5.521098440927355577e-01	5.650769294562254519e-01
1.564819498457691305e+00	1.466565843893041343e+00	1.424985007756167210e+00	1.428618911337833142e+00	1.378648437424710771e+00	1.396098451614544489e+00	1.357623999538142501e+00	1.354025972126687627e+00	1.320054925175456306e+00	1.316395720085321797e+00	1.264300330941267481e+00	1.269143100701310978e+00	1.245473986252890297e+00	1.218432556707034653e+00	1.189864788059190159e+00	1.184847046756047906e+00	1.151516014391132936e+00	1.134827493581970659e+00	1.097162794841031630e+00	1.100219968951308580e+00	1.057667304184701784e+00	1.043302471912120444e+00	1.012115251129370508e+00	9.804218254002117217e-01	9.788078903732649882e-01	9.172018113380705495e-01	9.249748945171397674e-01	9.025967529411418333e-01	8.944521978553177100e-01	8.499413937404195485e-01	8.199986878341566365e-01	7.726620886441218916e-01	7.307834301924569509e-01	7.200187583764283694e-01	6.838266648295315830e-01	6.445285367286380795e-01	6.416313180258143012e-01	6.070089113060593844e-01	5.674193245686524056e-01	5.471176261227352899e-01
1.521025401409040079e+00	1.408204885343630197e+00	1.428015478577852493e+00	1.392429942506862028e+00	1.352733019610362186e+00	1.362561152781468721e+00	1.331069634218387643e+00	1.332850218514708862e+00	1.307508822441385998e+00	1.302738939193736734e+00	1.269143100701310978e+00	1.249934929993957500e+00	1.239251881031632418e+00	1.207811030597827351e+00	1.197421762735841666e+00	1.199693172405989605e+00	1.181166069555452003e+00	1.169113920338680446e+00	1.118362576255657492e+00	1.115887566800719988e+00	1.066955353641427795e+00	1.060107759330396693e+00	1.033855901804677790e+00	1.013653059100282805e+00	1.014233014879219352e+00	9.744257857320872684e-01	9.616133971938494174e-01	9.415301556070678757e-01	9.304999376422445900e-01	8.741857943159193622e-01	8.518521916996242282e-01	8.118820609507211294e-01	7.724822552947309129e-01	7.589262306906149336e-01	7.109493098751051843e-01	6.748339163883744218e-01	6.690738233596151829e-01	6.409331547498450243e-01	5.852114927888123486e-01	5.782821205392750796e-01
1.488169020540343057e+00	1.372277171783502725e+00	1.410464639798493680e+00	1.358853999725046169e+00	1.320017788091051747e+00	1.352416980392447954e+00	1.305547164846325048e+00	1.335868344886472103e+00	1.279366732128336182e+00	1.285960301189122301e+00	1.245473986252890297e+00	1.239251881031632418e+00	1.276848729902419155e+00	1.201471876807885808e+00	1.188820581617269667e+00	1.197674078054344449e+00	1.148013180333742556e+00	1.138806417854725250e+00	1.112439203828248235e+00	1.094051166840705358e+00	1.076572516281754766e+00	1.050955546419771514e+00	1.026925013017857546e+00	1.020801956202824101e+00	1.007494478275672289e+00	9.680492786232729463e-01	9.673649307906160288e-01	9.390182939801210438e-01	9.217199129954106729e-01	8.722029874410280881e-01	8.626150265897575276e-01	8.151528987001143145e-01	7.773536239238750811e-01	8.107630768989032566e-01	7.188577665919805293e-01	6.990510691225593209e-01	6.975793329751917016e-01	6.685635570020918017e-01	6.184756418929615585e-01	5.827396347477553640e-01
1.470270304718870769e+00	1.353453511616579563e+00	1.350458858207634449e+00	1.298642957048764979e+00	1.284616525709607826e+00	1.300641736260522263e+00	1.269634227273952254e+00	1.284604142882936006e+00	1.244455613649220194e+00	1.237398484584629754e+00	1.218432556707034653e+00	1.207811030597827351e+00	1.201471876807885808e+00	1.187489846729109955e+00	1.163243776575147104e+00	1.163009334687819418e+00	1.131277575819414682e+00	1.139342231235352942e+00	1.099298956174766140e+00	1.088627314496987131e+00	1.051269994918453854e+00	1.048775833098555044e+00	1.021848109947998795e+00	1.003811001544675507e+00	9.943305294236010061e-01	9.583417701493041063e-01	9.583311879776614806e-01	9.411182180822719179e-01	9.117543302800285021e-01	8.816694380088705429e-01	8.599813802560692944e-01	8.236993496128516279e-01	7.772821392506047422e-01	7.831956110760084355e-01	7.273339756448707893e-01	6.984161156057594466e-01	6.873045448209913477e-01	6.637019090458656789e-01	6.140180119928795310e-01	5.879854405968919506e-01
1.363177857296625106e+00	1.299951712991807451e+00	1.311481609233607015e+00	1.278460421642080513e+00	1.261475388681158716e+00	1.278437268081069611e+00	1.244961463914599609e+00	1.277719275166992574e+00	1.233495308414543024e+00	1.214466955046040075e+00	1.189864788059190159e+00	1.197421762735841666e+00	1.188820581617269667e+00	1.163243776575147104e+00	1.152503068546330001e+00	1.153725151714854125e+00	1.119703950494968625e+00	1.127581305439774084e+00	1.086909489933928885e+00	1.090242542458192743e+00	1.063597504921436121e+00	1.065890733388945799e+00	1.025737752876046516e+00	1.013718675597522711e+00	1.010235327994142951e+00	9.730598570910659051e-01	9.629556890352972687e-01	9.405911853567777703e-01	9.378733308815430103e-01	8.968302559836960341e-01	8.785297585798735875e-01	8.321394737104927941e-01	7.968440047714572261e-01	8.122341131150599969e-01	7.355688781156253242e-01	7.150993776405372149e-01	7.074987139039223827e-01	6.850110825466482201e-01	6.285465094849986833e-01	6.194849748079296337e-01
1.341727602514999784e+00	1.268932096718379698e+00	1.272346263135230915e+00	1.252827617249628211e+00	1.225990613664263762e+00	1.244635745217101297e+00	1.218633525442115673e+00	1.252854712297199802e+00	1.218579776136973436e+00	1.211706199185119903e+00	1.184847046756047906e+00	1.199693172405989605e+00	1.197674078054344449e+00	1.163009334687819418e+00	1.153725151714854125e+00	1.155173926232297754e+00	1.113855457983791597e+00	1.116184107264516667e+00	1.088546800023101113e+00	1.080484076594644627e+00	1.049571702226841152e+00	1.063464281079068208e+00	1.035728367428553565e+00	1.022787891397669124e+00	1.016980345577367828e+00	9.644412039961142158e-01	9.869108818599449107e-01	9.622004310379299596e-01	9.505801753708998936e-01	9.036014267803493816e-01	9.030360695167305440e-01	8.451805927938971230e-01	8.077465829680788856e-01	8.109772247776916299e-01	7.730366393869230190e-01	7.406569160569541621e-01	7.513745574646546466e-01	7.266144404255852063e-01	6.941477292920343878e-01	6.572266977998921789e-01
1.273849478459502693e+00	1.206350039440650557e+00	1.241072842478488703e+00	1.206172673633294945e+00	1.186121759392681163e+00	1.207899344882661596e+00	1.185882282629235673e+00	1.197356781519937963e+00	1.183301270636647695e+00	1.178746401631536767e+00	1.151516014391132936e+00	1.181166069555452003e+00	1.148013180333742556e+00	1.131277575819414682e+00	1.119703950494968625e+00	1.113855457983791597e+00	1.078497061372537758e+00	1.101523314111752860e+00	1.058151238318733922e+00	1.056630413376183020e+00	1.047197805886840083e+00	1.039184133191921600e+00	1.011689841556134173e+00	9.975936620130558818e-01	9.905702417394488535e-01	9.659220610066052704e-01	9.489905675091827586e-01	9.335037598061659558e-01	9.405954449429010378e-01	8.957595885200014818e-01	8.779529606842135792e-01	8.613119940299114319e-01	7.881192020066081216e-01	7.892831598718453856e-01	7.416077703471142257e-01	7.193721124956113933e-01	7.218916765800307278e-01	7.086743949887912564e-01	6.642979734221623467e-01	6.514092603215699828e-01
1.221021475267197065e+00	1.176603265953662270e+00	1.188453449506512438e+00	1.171551075310618195e+00	1.151304531510806584e+00	1.171578128901979765e+00	1.176709146300833009e+00	1.193671340557173277e+00	1.138696897866096291e+00	1.166961006144217272e+00	1.134827493581970659e+00	1.169113920338680446e+00	1.138806417854725250e+00	1.139342231235352942e+00	1.127581305439774084e+00	1.116184107264516667e+00	1.101523314111752860e+00	1.086320381258250922e+00	1.078321982300861182e+00	1.083225651828039426e+00	1.060218889350805327e+00	1.057351956512077029e+00	1.042445179918829457e+00	1.034718780375482261e+00	1.017111887893793920e+00	9.922204212970799908e-01	9.768228888646157682e-01	9.705326669788472138e-01	9.622936288745567168e-01	9.266514489411915578e-01	9.167072776855700322e-01	8.575079698139174145e-01	8.297402706368349756e-01	8.636225122624375805e-01	7.908890966692007085e-01	7.671659625042200892e-01	7.664341559796439274e-01	7.356901020792729895e-01	6.962873656922472509e-01	6.909715580079784925e-01
1.176167480855957681e+00	1.134032927254412515e+00	1.121420332452144120e+00	1.134079124318195797e+00	1.115879161700344957e+00	1.157348135658350818e+00	1.121540169069321413e+00	1.164517432452035095e+00	1.108414780783672615e+00	1.124554399378412173e+00	1.097162794841031630e+00	1.118362576255657492e+00	1.112439203828248235e+00	1.099298956174766140e+00	1.086909489933928885e+00	1.088546800023101113e+00	1.058151238318733922e+00	1.078321982300861182e+00	1.049506322783069212e+00	1.053929812482127693e+00	1.035465083686970988e+00	1.026078495576237870e+00	1.010129669051345713e+00	1.006173563876119781e+00	1.011812145579148670e+00	9.749605847600918418e-01	9.722664312548303656e-01	9.642031965104497226e-01	9.613520922969821525e-01	9.207671572299412910e-01	9.063349488341231330e-01	8.690487157574641186e-01	8.255974567506539907e-01	8.342953273220999888e-01	7.709086372144969834e-01	7.570969756960661545e-01	7.843625564202724165e-01	7.513524586595120569e-01	7.046819381892046597e-01	7.063190907611510694e-01
1.120390101038242658e+00	1.085425703195585401e+00	1.123098372327908434e+00	1.110390855950094791e+00	1.084226879997239656e+00	1.122033216844896097e+00	1.093883233732982241e+00	1.166343076521820565e+00	1.102457130265494190e+00	1.099909294932865045e+00	1.100219968951308580e+00	1.115887566800719988e+00	1.094051166840705358e+00	1.088627314496987131e+00	1.090242542458192743e+00	1.080484076594644627e+00	1.056630413376183020e+00	1.083225651828039426e+00	1.053929812482127693e+00	1.066641197730700208e+00	1.051227566811105074e+00	1.066787092639372547e+00	1.036632138819827853e+00	1.023522788309695786e+00	1.013690573568690301e+00	9.792051985431898808e-01	9.898673603083464334e-01	9.873442854667070501e-01	9.913156829572592477e-01	9.485646062679425894e-01	9.357272577905318967e-01	8.952831019573529447e-01	8.545444914105009282e-01	8.860410546582270230e-01	8.116889252310024450e-01	7.997987888014473912e-01	8.174670089270386075e-01	7.909037511611549665e-01	7.640523732907293919e-01	7.353339286575616418e-01
1.079342191198094714e+00	1.028836246226932261e+00	1.066878312410529217e+00	1.049590722943777976e+00	1.039878383673983553e+00	1.082795932260335547e+00	1.055037014191966271e+00	1.117588594214265374e+00	1.068268851913777961e+00	1.059976760940682938e+00	1.057667304184701784e+00	1.066955353641427795e+00	1.076572516281754766e+00	1.051269994918453854e+00	1.063597504921436121e+00	1.049571702226841152e+00	1.047197805886840083e+00	1.060218889350805327e+00	1.035465083686970988e+00	1.051227566811105074e+00	1.023972230479568424e+00	1.029363245553907236e+00	1.016357511363887189e+00	1.008076987211843134e+00	1.001709695087770635e+00	9.755955377399943007e-01	9.693814190643220696e-01	9.713236395636153375e-01	9.678775779309248817e-01	9.297537549015116864e-01	9.142707239258506258e-01	9.004269326914939864e-01	8.583508558714841863e-01	9.204433192586346513e-01	8.142938845409684046e-01	7.918295491646271111e-01	8.084674422919772008e-01	7.845675382857197899e-01	7.402758247810750092e-01	7.349388558256921833e-01
1.037906862085152593e+00	9.976782988951437003e-01	1.046763345380435251e+00	1.039272243894481917e+00	1.018616717787557135e+00	1.054969041815858599e+00	1.063740336337608117e+00	1.078444824994768902e+00	1.042833946198276518e+00	1.059186622562751534e+00	1.043302471912120444e+00	1.060107759330396693e+00	1.050955546419771514e+00	1.048775833098555044e+00	1.065890733388945799e+00	1.063464281079068208e+00	1.039184133191921600e+00	1.057351956512077029e+00	1.026078495576237870e+00	1.066787092639372547e+00	1.029363245553907236e+00	1.066449352727618649e+00	1.042119511598237791e+00	1.041621609062572729e+00	1.044229328374236099e+00	9.877765022092862557e-01	1.008203788781340204e+00	1.006165326705504848e+00	1.011272619400030104e+00	9.631148268125535594e-01	9.842320426005209955e-01	9.153825150294162549e-01	9.033366303507411876e-01	9.216910569709245715e-01	8.704023034543380000e-01	8.558546410846764596e-01	8.679875917827402088e-01	8.479582718965344990e-01	8.025720803499816203e-01	7.977678603183884221e-01
9.804677280275948537e-01	9.745751205153994068e-01	1.009535632900586455e+00	9.991529398053273781e-01	9.929965446018147457e-01	1.026776667025563361e+00	1.025465825504514150e+00	1.043439740461608478e+00	9.967811684779763759e-01	1.034698575174702873e+00	1.012115251129370508e+00	1.033855901804677790e+00	1.026925013017857546e+00	1.021848109947998795e+00	1.025737752876046516e+00	1.035728367428553565e+00	1.011689841556134173e+00	1.042445179918829457e+00	1.010129669051345713e+00	1.036632138819827853e+00	1.016357511363887189e+00	1.042119511598237791e+00	1.024596521410275241e+00	1.002242639728490259e+00	1.018950555496199062e+00	9.878116432567727312e-01	1.007743372792234471e+00	1.002842614978240121e+00	1.009472598108635877e+00	9.570815337621569885e-01	9.625537726507857883e-01	9.276499044157363594e-01	8.884888409080100580e-01	9.221167436145251139e-01	8.921647475978673469e-01	8.563084476389387634e-01	8.620882526367898979e-01	8.535561701034543036e-01	8.192864056290369845e-01	7.974764574943010720e-01
9.545964121218032394e-01	9.166495962757471583e-01	9.801662046795224237e-01	9.624509898021816889e-01	9.544869217774122339e-01	9.953365859444242014e-01	9.820016308232640823e-01	1.018171650706211739e+00	1.015175733954282400e+00	1.021509365590690832e+00	9.804218254002117217e-01	1.013653059100282805e+00	1.020801956202824101e+00	1.003811001544675507e+00	1.013718675597522711e+00	1.022787891397669124e+00	9.975936620130558818e-01	1.034718780375482261e+00	1.006173563876119781e+00	1.023522788309695786e+00	1.008076987211843134e+00	1.041621609062572729e+00	1.002242639728490259e+00	1.007490834794917633e+00	1.033889458265541350e+00	9.930624928015344688e-01	1.012478642269063700e+00	9.944580156281870309e-01	1.007457137726262442e+00	9.663737864503232355e-01	9.827988127751691172e-01	9.313774606342350992e-01	9.170793151202433213e-01	9.505582693907759229e-01	8.994384062711593408e-01	8.754066918692279264e-01	8.783081839791467837e-01	8.718225989697543366e-01	8.388768529010587338e-01	8.319197146554930811e-01
9.276090143978210634e-01	8.949571894761492175e-01	9.452057212681840292e-01	9.299050986449500789e-01	9.310649390908835032e-01	9.673167142813643427e-01	9.558222952409777262e-01	1.001139438869890652e+00	9.781505348513702680e-01	9.875110245967736455e-01	9.788078903732649882e-01	1.014233014879219352e+00	1.007494478275672289e+00	9.943305294236010061e-01	1.010235327994142951e+00	1.016980345577367828e+00	9.905702417394488535e-01	1.017111887893793920e+00	1.011812145579148670e+00	1.013690573568690301e+00	1.001709695087770635e+00	1.044229328374236099e+00	1.018950555496199062e+00	1.033889458265541350e+00	1.017139705823765450e+00	1.006535163384157938e+00	1.033978904965624945e+00	1.016265743705786928e+00	1.033455891335689936e+00	1.000186375045848397e+00	1.011339950041529656e+00	9.618698896032276124e-01	9.565932262120380170e-01	9.785165972037969118e-01	9.098361750674852644e-01	9.102589973124940448e-01	9.144197286895195953e-01	8.939578510447041548e-01	8.770741870255527317e-01	8.967616570731884451e-01
8.869263939310666478e-01	8.823444762037420119e-01	9.132446250487530337e-01	9.034110294887029990e-01	9.030033580235623525e-01	9.296947726640847343e-01	9.200758236874879703e-01	9.447652001676054567e-01	9.178883545123854848e-01	9.441031949792132449e-01	9.172018113380705495e-01	9.744257857320872684e-01	9.680492786232729463e-01	9.583417701493041063e-01	9.730598570910659051e-01	9.644412039961142158e-01	9.659220610066052704e-01	9.922204212970799908e-01	9.749605847600918418e-01	9.792051985431898808e-01	9.755955377399943007e-01	9.877765022092862557e-01	9.878116432567727312e-01	9.930624928015344688e-01	1.006535163384157938e+00	9.864900057290847402e-01	1.006698846507459111e+00	1.000356284554732023e+00	1.002004792406217648e+00	9.904907294529174955e-01	9.894161815993430809e-01	9.438070934436305626e-01	9.264385066007881919e-01	9.725844201883732110e-01	9.293694347197180017e-01	9.228950034524905366e-01	9.227315663782446054e-01	9.166417569885165761e-01	8.803810366542421662e-01	8.615443975403130894e-01
8.342062655417357142e-01	8.272946231255055016e-01	8.767753730192560102e-01	8.670296936399479737e-01	8.809331454530757721e-01	9.202443396449245805e-01	9.050078646101348268e-01	9.272338801478082759e-01	9.225277581268440663e-01	9.257209825530038350e-01	9.249748945171397674e-01	9.616133971938494174e-01	9.673649307906160288e-01	9.583311879776614806e-01	9.629556890352972687e-01	9.869108818599449107e-01	9.489905675091827586e-01	9.768228888646157682e-01	9.722664312548303656e-01	9.898673603083464334e-01	9.693814190643220696e-01	1.008203788781340204e+00	1.007743372792234471e+00	1.012478642269063700e+00	1.033978904965624945e+00	1.006698846507459111e+00	1.008601583443072158e+00	1.015430508297225032e+00	1.027238289976432961e+00	1.008699802964561298e+00	1.014541393551079862e+00	9.829543433216861859e-01	9.550128184845813051e-01	1.010482637441689535e+00	9.618125570588877959e-01	9.730057300367339623e-01	9.629107135434877840e-01	9.500699482831994613e-01	9.220823054042974753e-01	9.283874507119914687e-01
8.250787890896615906e-01	7.919083256071776100e-01	8.294688023054931358e-01	8.341994266915376821e-01	8.391592311454283415e-01	8.778900747575530961e-01	8.788125759289400207e-01	8.933076835396018822e-01	8.841719992624175184e-01	9.091136937541794971e-01	9.025967529411418333e-01	9.415301556070678757e-01	9.390182939801210438e-01	9.411182180822719179e-01	9.405911853567777703e-01	9.622004310379299596e-01	9.335037598061659558e-01	9.705326669788472138e-01	9.642031965104497226e-01	9.873442854667070501e-01	9.713236395636153375e-01	1.006165326705504848e+00	1.002842614978240121e+00	9.944580156281870309e-01	1.016265743705786928e+00	1.000356284554732023e+00	1.015430508297225032e+00	1.037777386941014068e+00	1.058858590871428973e+00	1.027321381479859408e+00	1.054500784351529941e+00	9.995175210197617677e-01	9.740244732788699844e-01	1.038118319229783149e+00	9.838158651920628772e-01	9.857168623465746293e-01	1.013654324520841810e+00	1.006285661565506695e+00	9.847102245461289982e-01	9.918593719672529341e-01
7.742758666809170798e-01	7.656732382982095464e-01	8.161522103626119851e-01	8.099241342588824333e-01	8.140096157419315359e-01	8.636759610559564537e-01	8.828263632224534474e-01	8.923728756281091856e-01	8.638997664622674044e-01	8.972878307411876753e-01	8.944521978553177100e-01	9.304999376422445900e-01	9.217199129954106729e-01	9.117543302800285021e-01	9.378733308815430103e-01	9.505801753708998936e-01	9.405954449429010378e-01	9.622936288745567168e-01	9.613520922969821525e-01	9.913156829572592477e-01	9.678775779309248817e-01	1.011272619400030104e+00	1.009472598108635877e+00	1.007457137726262442e+00	1.033455891335689936e+00	1.002004792406217648e+00	1.027238289976432961e+00	1.058858590871428973e+00	1.094159698420934523e+00	1.055958713169119934e+00	1.070445896074883496e+00	1.039727877112223586e+00	1.062126828005214518e+00	1.068767800524811351e+00	1.003673770979573554e+00	1.022857047712501855e+00	1.061932488266929209e+00	1.059416272065274223e+00	1.041487071072092263e+00	1.088737214930028063e+00
7.221848113175884931e-01	7.223582232829269811e-01	7.701831645661436632e-01	7.680960347135509236e-01	7.599870582436984989e-01	8.145865139940489108e-01	8.138419040690954009e-01	8.444450956503993799e-01	8.227004636163947060e-01	8.339540431344892868e-01	8.499413937404195485e-01	8.741857943159193622e-01	8.722029874410280881e-01	8.816694380088705429e-01	8.968302559836960341e-01	9.036014267803493816e-01	8.957595885200014818e-01	9.266514489411915578e-01	9.207671572299412910e-01	9.485646062679425894e-01	9.297537549015116864e-01	9.631148268125535594e-01	9.570815337621569885e-01	9.663737864503232355e-01	1.000186375045848397e+00	9.904907294529174955e-01	1.008699802964561298e+00	1.027321381479859408e+00	1.055958713169119934e+00	1.021400017222897860e+00	1.044097891049296845e+00	1.035287781391222683e+00	1.013484068710689190e+00	1.071642304647126176e+00	1.030866946498493197e+00	1.047299572559765801e+00	1.057441305881560378e+00	1.047450393091071685e+00	1.023408385455062630e+00	1.059778502449919779e+00
6.744693855506795899e-01	6.795567376026211415e-01	7.306702218945329008e-01	7.269302764433446251e-01	7.358848206084670496e-01	7.851558177703589214e-01	7.722371958959050042e-01	8.104895823987323666e-01	7.949809455576126727e-01	8.176894094177119543e-01	8.199986878341566365e-01	8.518521916996242282e-01	8.626150265897575276e-01	8.599813802560692944e-01	8.785297585798735875e-01	9.030360695167305440e-01	8.779529606842135792e-01	9.167072776855700322e-01	9.063349488341231330e-01	9.357272577905318967e-01	9.142707239258506258e-01	9.842320426005209955e-01	9.625537726507857883e-01	9.827988127751691172e-01	1.011339950041529656e+00	9.894161815993430809e-01	1.014541393551079862e+00	1.054500784351529941e+00	1.070445896074883496e+00	1.044097891049296845e+00	1.084150200352991478e+00	1.067402018928276908e+00	1.033204433725485094e+00	1.096939786904327585e+00	1.069101174018306732e+00	1.077310420112798539e+00	1.086287343382422499e+00	1.090364455649797781e+00	1.082114246759599663e+00	1.135001285520613301e+00
6.421316347095497035e-01	6.418545381770921487e-01	6.830766170965021367e-01	6.971196453741180799e-01	7.021868531355489607e-01	7.483668714460293137e-01	7.375315716458885618e-01	7.658782680591084135e-01	7.476171756313377825e-01	7.876476182800725701e-01	7.726620886441218916e-01	8.118820609507211294e-01	8.151528987001143145e-01	8.236993496128516279e-01	8.321394737104927941e-01	8.451805927938971230e-01	8.613119940299114319e-01	8.575079698139174145e-01	8.690487157574641186e-01	8.952831019573529447e-01	9.004269326914939864e-01	9.153825150294162549e-01	9.276499044157363594e-01	9.313774606342350992e-01	9.618698896032276124e-01	9.438070934436305626e-01	9.829543433216861859e-01	9.995175210197617677e-01	1.039727877112223586e+00	1.035287781391222683e+00	1.067402018928276908e+00	1.039053921466285724e+00	1.054033717947184368e+00	1.099315664298526896e+00	1.066266485848510026e+00	1.085296043518113152e+00	1.091781080921534919e+00	1.125733104332751644e+00	1.106134073706724452e+00	1.159784626568644228e+00
5.789433139181429100e-01	5.807115450125899248e-01	6.484434223868953406e-01	6.572299131843302167e-01	6.779525662572795097e-01	7.000592212939353853e-01	7.080712791360107561e-01	7.421507170783390173e-01	7.206800691440166107e-01	7.413082322452795303e-01	7.307834301924569509e-01	7.724822552947309129e-01	7.773536239238750811e-01	7.772821392506047422e-01	7.968440047714572261e-01	8.077465829680788856e-01	7.881192020066081216e-01	8.297402706368349756e-01	8.255974567506539907e-01	8.545444914105009282e-01	8.583508558714841863e-01	9.033366303507411876e-01	8.884888409080100580e-01	9.170793151202433213e-01	9.565932262120380170e-01	9.264385066007881919e-01	9.550128184845813051e-01	9.740244732788699844e-01	1.062126828005214518e+00	1.013484068710689190e+00	1.033204433725485094e+00	1.054033717947184368e+00	1.027483573069768896e+00	1.097555289112745580e+00	1.069836187155480012e+00	1.094856548987120926e+00	1.107549180530282840e+00	1.129741270869679459e+00	1.124987730262603680e+00	1.215591728496838497e+00
5.364386176089408487e-01	5.562547117197124136e-01	6.076234393827302238e-01	6.403703629634166505e-01	6.429617906359100798e-01	6.813423839056692577e-01	6.862017858244066071e-01	7.266101429611888651e-01	7.194075932933632345e-01	7.156066286717334135e-01	7.200187583764283694e-01	7.589262306906149336e-01	8.107630768989032566e-01	7.831956110760084355e-01	8.122341131150599969e-01	8.109772247776916299e-01	7.892831598718453856e-01	8.636225122624375805e-01	8.342953273220999888e-01	8.860410546582270230e-01	9.204433192586346513e-01	9.216910569709245715e-01	9.221167436145251139e-01	9.505582693907759229e-01	9.785165972037969118e-01	9.725844201883732110e-01	1.010482637441689535e+00	1.038118319229783149e+00	1.068767800524811351e+00	1.071642304647126176e+00	1.096939786904327585e+00	1.099315664298526896e+00	1.097555289112745580e+00	1.144743278848523227e+00	1.146559431677773411e+00	1.162775856156844645e+00	1.195670208074796959e+00	1.204506645303864421e+00	1.221465394297520435e+00	1.305621435325181601e+00
4.830624824353373370e-01	5.064309479529373048e-01	5.610909210411397785e-01	5.825714244381251516e-01	5.908850720491140018e-01	6.327240643006065701e-01	6.403292477966777696e-01	6.533711726879638526e-01	6.532859791828187213e-01	6.670601052473055237e-01	6.838266648295315830e-01	7.109493098751051843e-01	7.188577665919805293e-01	7.273339756448707893e-01	7.355688781156253242e-01	7.730366393869230190e-01	7.416077703471142257e-01	7.908890966692007085e-01	7.709086372144969834e-01	8.116889252310024450e-01	8.142938845409684046e-01	8.704023034543380000e-01	8.921647475978673469e-01	8.994384062711593408e-01	9.098361750674852644e-01	9.293694347197180017e-01	9.618125570588877959e-01	9.838158651920628772e-01	1.003673770979573554e+00	1.030866946498493197e+00	1.069101174018306732e+00	1.066266485848510026e+00	1.069836187155480012e+00	1.146559431677773411e+00	1.130070366938520587e+00	1.168588474660013699e+00	1.165842692364333910e+00	1.209878564454556882e+00	1.203141380491498103e+00	1.270258750278228099e+00
4.498160362269101875e-01	4.813163251881522608e-01	5.320988649309913443e-01	5.466384436075107933e-01	5.559840972049359120e-01	5.869986391499726341e-01	5.983941215470254260e-01	6.189573063974261879e-01	6.332251129560485525e-01	6.354409565598740928e-01	6.445285367286380795e-01	6.748339163883744218e-01	6.990510691225593209e-01	6.984161156057594466e-01	7.150993776405372149e-01	7.406569160569541621e-01	7.193721124956113933e-01	7.671659625042200892e-01	7.570969756960661545e-01	7.997987888014473912e-01	7.918295491646271111e-01	8.558546410846764596e-01	8.563084476389387634e-01	8.754066918692279264e-01	9.102589973124940448e-01	9.228950034524905366e-01	9.730057300367339623e-01	9.857168623465746293e-01	1.022857047712501855e+00	1.047299572559765801e+00	1.077310420112798539e+00	1.085296043518113152e+00	1.094856548987120926e+00	1.162775856156844645e+00	1.168588474660013699e+00	1.218838205308476752e+00	1.220990009949828980e+00	1.249603242327918418e+00	1.253771718539369306e+00	1.295800906464702695e+00
4.128054872574598577e-01	4.472646138525697146e-01	5.068285171351594176e-01	5.213475505208237104e-01	5.316168612435857588e-01	5.698042948863881740e-01	5.881222082344265134e-01	6.230069367776976952e-01	6.164718807167748338e-01	6.328365468725130061e-01	6.416313180258143012e-01	6.690738233596151829e-01	6.975793329751917016e-01	6.873045448209913477e-01	7.074987139039223827e-01	7.513745574646546466e-01	7.218916765800307278e-01	7.664341559796439274e-01	7.843625564202724165e-01	8.174670089270386075e-01	8.084674422919772008e-01	8.679875917827402088e-01	8.620882526367898979e-01	8.783081839791467837e-01	9.144197286895195953e-01	9.227315663782446054e-01	9.629107135434877840e-01	1.013654324520841810e+00	1.061932488266929209e+00	1.057441305881560378e+00	1.086287343382422499e+00	1.091781080921534919e+00	1.107549180530282840e+00	1.195670208074796959e+00	1.165842692364333910e+00	1.220990009949828980e+00	1.256549361839910173e+00	1.299438564870475599e+00	1.337830281527551124e+00	1.547302929525568915e+00
3.613800356847030049e-01	3.958335185668512834e-01	4.660838999042843933e-01	4.760525005126393094e-01	4.880663429433791389e-01	5.472396649113562273e-01	5.582954765621511717e-01	5.989116772220791640e-01	5.813194630811189256e-01	6.069172688668552640e-01	6.070089113060593844e-01	6.409331547498450243e-01	6.685635570020918017e-01	6.637019090458656789e-01	6.850110825466482201e-01	7.266144404255852063e-01	7.086743949887912564e-01	7.356901020792729895e-01	7.513524586595120569e-01	7.909037511611549665e-01	7.845675382857197899e-01	8.479582718965344990e-01	8.535561701034543036e-01	8.718225989697543366e-01	8.939578510447041548e-01	9.166417569885165761e-01	9.500699482831994613e-01	1.006285661565506695e+00	1.059416272065274223e+00	1.047450393091071685e+00	1.090364455649797781e+00	1.125733104332751644e+00	1.129741270869679459e+00	1.204506645303864421e+00	1.209878564454556882e+00	1.249603242327918418e+00	1.299438564870475599e+00	1.333337212859611487e+00	1.361103966645418994e+00	1.602896178072246824e+00
3.452225874298959218e-01	3.610773414078082277e-01	4.046362952410369473e-01	4.321962228457951749e-01	4.551494386147686422e-01	5.070783755741145038e-01	5.027152252754963913e-01	5.593543876182669461e-01	5.412056032450820453e-01	5.521098440927355577e-01	5.674193245686524056e-01	5.852114927888123486e-01	6.184756418929615585e-01	6.140180119928795310e-01	6.285465094849986833e-01	6.941477292920343878e-01	6.642979734221623467e-01	6.962873656922472509e-01	7.046819381892046597e-01	7.640523732907293919e-01	7.402758247810750092e-01	8.025720803499816203e-01	8.192864056290369845e-01	8.388768529010587338e-01	8.770741870255527317e-01	8.803810366542421662e-01	9.220823054042974753e-01	9.847102245461289982e-01	1.041487071072092263e+00	1.023408385455062630e+00	1.082114246759599663e+00	1.106134073706724452e+00	1.124987730262603680e+00	1.221465394297520435e+00	1.203141380491498103e+00	1.253771718539369306e+00	1.337830281527551124e+00	1.361103966645418994e+00	1.410429098221478883e+00	1.675098523592124300e+00
3.809997382540007416e-01	3.813959872462083789e-01	4.200140470422753514e-01	4.322724237394509061e-01	4.606528635144132022e-01	4.896021046724296499e-01	4.870925871486880276e-01	5.362305912466159841e-01	5.228827103157845935e-01	5.650769294562254519e-01	5.471176261227352899e-01	5.782821205392750796e-01	5.827396347477553640e-01	5.879854405968919506e-01	6.194849748079296337e-01	6.572266977998921789e-01	6.514092603215699828e-01	6.909715580079784925e-01	7.063190907611510694e-01	7.353339286575616418e-01	7.349388558256921833e-01	7.977678603183884221e-01	7.974764574943010720e-01	8.319197146554930811e-01	8.967616570731884451e-01	8.615443975403130894e-01	9.283874507119914687e-01	9.918593719672529341e-01	1.088737214930028063e+00	1.059778502449919779e+00	1.135001285520613301e+00	1.159784626568644228e+00	1.215591728496838497e+00	1.305621435325181601e+00	1.270258750278228099e+00	1.295800906464702695e+00	1.547302929525568915e+00	1.602896178072246824e+00	1.675098523592124300e+00	2.069863135880884997e+00
